omega = 1.03
=======================
1
[[ 0.2575    ]
 [ 1.09630625]
 [-0.49020114]]
0.2425
=======================
2
[[ 0.53207386]
 [ 1.00789304]
 [-0.49826151]]
0.03207385937500007
=======================
3
[[ 0.50107024]
 [ 1.00048646]
 [-0.49992689]]
0.001070241395117133
=======================
4
[[ 0.50009316]
 [ 1.00002822]
 [-0.49999493]]
9.315558142797276e-05
=======================
5
[[ 0.50000447]
 [ 1.00000161]
 [-0.49999974]]
4.47176785400849e-06
=======================
[[ 0.50000447]
 [ 1.00000161]
 [-0.49999974]]

omega = 1.0
=======================
1
[[ 0.25    ]
 [ 1.0625  ]
 [-0.484375]]
0.25
=======================
2
[[ 0.515625  ]
 [ 1.0078125 ]
 [-0.49804688]]
0.015625
=======================
3
[[ 0.50195312]
 [ 1.00097656]
 [-0.49975586]]
0.001953125
=======================
4
[[ 0.50024414]
 [ 1.00012207]
 [-0.49996948]]
0.000244140625
=======================
5
[[ 0.50003052]
 [ 1.00001526]
 [-0.49999619]]
3.0517578125e-05
=======================
6
[[ 0.50000381]
 [ 1.00000191]
 [-0.49999952]]
3.814697265625e-06
=======================
[[ 0.50000381]
 [ 1.00000191]
 [-0.49999952]]

omega = 1.1
=======================
1
[[ 0.275     ]
 [ 1.175625  ]
 [-0.50170313]]
0.22499999999999998
=======================
2
[[ 0.57079688]
 [ 1.00143828]
 [-0.49943416]]
0.07079687500000009
=======================
3
[[ 0.49331584]
 [ 0.99817363]
 [-0.50055883]]
0.0066841601562500075
=======================
4
[[ 0.50016617]
 [ 1.00007465]
 [-0.49992359]]
0.0001661653076172609
=======================
5
[[ 0.50000391]
 [ 1.00001462]
 [-0.50000362]]
1.4624350770597871e-05
=======================
6
[[ 0.50000363]
 [ 0.99999854]
 [-0.50000004]]
3.6304046803214973e-06
=======================
[[ 0.50000363]
 [ 0.99999854]
 [-0.50000004]]
